Data successfully loaded from: /Users/chandanakella/Downloads/iris/iris.data


a. Mean
[5.00408163 3.41632653 1.46530612 0.24489796]
[5.91707651 2.79554639 4.1340057  1.29173893]
[6.26076178 2.89149264 5.10032117 1.86048757]
[7.32597913 3.00581471 6.27013874 1.90204134]

b. Covariance Matrices:
[[0.12406597 0.10013744 0.01626406 0.01063307]
 [0.10013744 0.14504057 0.01179092 0.01151187]
 [0.01626406 0.01179092 0.03002182 0.00563932]
 [0.01063307 0.01151187 0.00563932 0.01145456]]
[[0.31317903 0.12518187 0.22050145 0.06423301]
 [0.12518187 0.10023499 0.11368168 0.05158312]
 [0.22050145 0.11368168 0.22073388 0.06943569]
 [0.06423301 0.05158312 0.06943569 0.03255935]]
[[0.25331993 0.07611333 0.19871307 0.11245529]
 [0.07611333 0.09428811 0.10097421 0.0774382 ]
 [0.19871307 0.10097421 0.28971885 0.17938196]
 [0.11245529 0.0774382  0.17938196 0.15628739]]
[[0.24895085 0.11614466 0.17315958 0.1039451 ]
 [0.11614466 0.17970833 0.05167461 0.03434309]
 [0.17315958 0.05167461 0.17104946 0.09590491]
 [0.1039451  0.03434309 0.09590491 0.06227724]]

c. Iteration count = 37

d. Cluster Membership:
Cluster 1: 0, 1, 2, 3, 4, 5, 6, 7, 8, 9, 10, 11, 12, 13, 14, 15, 16, 17, 18, 19, 20, 21, 22, 23, 24, 25, 26, 27, 28, 29, 30, 31, 32, 33, 34, 35, 36, 37, 38, 39, 40, 41, 42, 43, 44, 45, 46, 47, 48
Cluster 2: 49, 50, 51, 55, 56, 57, 58, 59, 60, 61, 62, 63, 64, 65, 68, 70, 73, 74, 75, 77, 78, 79, 80, 81, 84, 85, 87, 88, 90, 91, 92, 93, 95, 96, 97, 98
Cluster 3: 52, 53, 54, 66, 67, 69, 71, 72, 76, 82, 83, 86, 89, 94, 99, 100, 101, 102, 103, 105, 108, 109, 110, 111, 112, 113, 114, 115, 118, 119, 120, 122, 123, 125, 126, 127, 131, 132, 134, 135, 136, 137, 138, 139, 140, 141, 142, 143, 144, 145, 146, 147, 148
Cluster 4: 104, 106, 107, 116, 117, 121, 124, 128, 129, 130, 133

e. Size:
49 36 53 11

Purity Score:
0.9060402684563759
